"Bird1","Bird2","Comm1","Comm2","SameCommunity","Season"
"CGN","SWT",1,2,FALSE,"spring_Communities"
"SDO","SWT",2,2,TRUE,"spring_Communities"
"GNG","SWT",3,2,FALSE,"spring_Communities"
"PDN","SWT",3,2,FALSE,"spring_Communities"
"SWB","SWT",3,2,FALSE,"spring_Communities"
"RBP","SWT",3,2,FALSE,"spring_Communities"
"RNG","SWT",1,2,FALSE,"spring_Communities"
"SOG","SWT",1,2,FALSE,"spring_Communities"
"PLS","SWT",1,2,FALSE,"spring_Communities"
"GBO (was GPT)","SWT",7,2,FALSE,"spring_Communities"
"PND","SWT",8,2,FALSE,"spring_Communities"
"PNG","SWT",8,2,FALSE,"spring_Communities"
"ROW","SWT",9,2,FALSE,"spring_Communities"
"ROO","SWT",9,2,FALSE,"spring_Communities"
"RLB","SWT",10,2,FALSE,"spring_Communities"
"GSD","SWT",11,2,FALSE,"spring_Communities"
"GDO","SWT",11,2,FALSE,"spring_Communities"
"RPP","SWT",11,2,FALSE,"spring_Communities"
"PBP (was PBB)","SWT",11,2,FALSE,"spring_Communities"
"STT","SWT",12,2,FALSE,"spring_Communities"
"SGB","SWT",12,2,FALSE,"spring_Communities"
"RGT","SWT",12,2,FALSE,"spring_Communities"
"GDN (was GDY)","SWT",13,2,FALSE,"spring_Communities"
"RTT","SWT",13,2,FALSE,"spring_Communities"
"CRY","SWT",13,2,FALSE,"spring_Communities"
"CGN","SDO",1,2,FALSE,"spring_Communities"
"GNG","SDO",3,2,FALSE,"spring_Communities"
"PDN","SDO",3,2,FALSE,"spring_Communities"
"RBP","SDO",3,2,FALSE,"spring_Communities"
"RNG","SDO",1,2,FALSE,"spring_Communities"
"PLS","SDO",1,2,FALSE,"spring_Communities"
"GBO (was GPT)","SDO",7,2,FALSE,"spring_Communities"
"PND","SDO",8,2,FALSE,"spring_Communities"
"PNG","SDO",8,2,FALSE,"spring_Communities"
"ROW","SDO",9,2,FALSE,"spring_Communities"
"ROO","SDO",9,2,FALSE,"spring_Communities"
"RLB","SDO",10,2,FALSE,"spring_Communities"
"GSD","SDO",11,2,FALSE,"spring_Communities"
"GDO","SDO",11,2,FALSE,"spring_Communities"
"RPP","SDO",11,2,FALSE,"spring_Communities"
"PBP (was PBB)","SDO",11,2,FALSE,"spring_Communities"
"RGT","SDO",12,2,FALSE,"spring_Communities"
"GDN (was GDY)","SDO",13,2,FALSE,"spring_Communities"
"RTT","SDO",13,2,FALSE,"spring_Communities"
"CRY","SDO",13,2,FALSE,"spring_Communities"
"CGN","GNG",1,3,FALSE,"spring_Communities"
"GBO (was GPT)","GNG",7,3,FALSE,"spring_Communities"
"GDO","GNG",11,3,FALSE,"spring_Communities"
"GDN (was GDY)","GNG",13,3,FALSE,"spring_Communities"
"CRY","GNG",13,3,FALSE,"spring_Communities"
"CGN","PDN",1,3,FALSE,"spring_Communities"
"GNG","PDN",3,3,TRUE,"spring_Communities"
"GBO (was GPT)","PDN",7,3,FALSE,"spring_Communities"
"GSD","PDN",11,3,FALSE,"spring_Communities"
"GDO","PDN",11,3,FALSE,"spring_Communities"
"PBP (was PBB)","PDN",11,3,FALSE,"spring_Communities"
"GDN (was GDY)","PDN",13,3,FALSE,"spring_Communities"
"CRY","PDN",13,3,FALSE,"spring_Communities"
"CGN","SYO",1,3,FALSE,"spring_Communities"
"SWT","SYO",2,3,FALSE,"spring_Communities"
"SDO","SYO",2,3,FALSE,"spring_Communities"
"GNG","SYO",3,3,TRUE,"spring_Communities"
"PDN","SYO",3,3,TRUE,"spring_Communities"
"SWB","SYO",3,3,TRUE,"spring_Communities"
"RBP","SYO",3,3,TRUE,"spring_Communities"
"RNG","SYO",1,3,FALSE,"spring_Communities"
"SOG","SYO",1,3,FALSE,"spring_Communities"
"PLS","SYO",1,3,FALSE,"spring_Communities"
"GBO (was GPT)","SYO",7,3,FALSE,"spring_Communities"
"PND","SYO",8,3,FALSE,"spring_Communities"
"PNG","SYO",8,3,FALSE,"spring_Communities"
"ROW","SYO",9,3,FALSE,"spring_Communities"
"ROO","SYO",9,3,FALSE,"spring_Communities"
"RLB","SYO",10,3,FALSE,"spring_Communities"
"GSD","SYO",11,3,FALSE,"spring_Communities"
"GDO","SYO",11,3,FALSE,"spring_Communities"
"RPP","SYO",11,3,FALSE,"spring_Communities"
"PBP (was PBB)","SYO",11,3,FALSE,"spring_Communities"
"STT","SYO",12,3,FALSE,"spring_Communities"
"SGB","SYO",12,3,FALSE,"spring_Communities"
"RGT","SYO",12,3,FALSE,"spring_Communities"
"GDN (was GDY)","SYO",13,3,FALSE,"spring_Communities"
"RTT","SYO",13,3,FALSE,"spring_Communities"
"CRY","SYO",13,3,FALSE,"spring_Communities"
"CGN","SWB",1,3,FALSE,"spring_Communities"
"SDO","SWB",2,3,FALSE,"spring_Communities"
"GNG","SWB",3,3,TRUE,"spring_Communities"
"PDN","SWB",3,3,TRUE,"spring_Communities"
"RBP","SWB",3,3,TRUE,"spring_Communities"
"RNG","SWB",1,3,FALSE,"spring_Communities"
"SOG","SWB",1,3,FALSE,"spring_Communities"
"PLS","SWB",1,3,FALSE,"spring_Communities"
"GBO (was GPT)","SWB",7,3,FALSE,"spring_Communities"
"PND","SWB",8,3,FALSE,"spring_Communities"
"PNG","SWB",8,3,FALSE,"spring_Communities"
"ROW","SWB",9,3,FALSE,"spring_Communities"
"ROO","SWB",9,3,FALSE,"spring_Communities"
"RLB","SWB",10,3,FALSE,"spring_Communities"
"GSD","SWB",11,3,FALSE,"spring_Communities"
"GDO","SWB",11,3,FALSE,"spring_Communities"
"RPP","SWB",11,3,FALSE,"spring_Communities"
"PBP (was PBB)","SWB",11,3,FALSE,"spring_Communities"
"STT","SWB",12,3,FALSE,"spring_Communities"
"SGB","SWB",12,3,FALSE,"spring_Communities"
"RGT","SWB",12,3,FALSE,"spring_Communities"
"GDN (was GDY)","SWB",13,3,FALSE,"spring_Communities"
"RTT","SWB",13,3,FALSE,"spring_Communities"
"CRY","SWB",13,3,FALSE,"spring_Communities"
"CGN","RBP",1,3,FALSE,"spring_Communities"
"GNG","RBP",3,3,TRUE,"spring_Communities"
"PDN","RBP",3,3,TRUE,"spring_Communities"
"PLS","RBP",1,3,FALSE,"spring_Communities"
"GBO (was GPT)","RBP",7,3,FALSE,"spring_Communities"
"PND","RBP",8,3,FALSE,"spring_Communities"
"PNG","RBP",8,3,FALSE,"spring_Communities"
"GSD","RBP",11,3,FALSE,"spring_Communities"
"GDO","RBP",11,3,FALSE,"spring_Communities"
"PBP (was PBB)","RBP",11,3,FALSE,"spring_Communities"
"GDN (was GDY)","RBP",13,3,FALSE,"spring_Communities"
"CRY","RBP",13,3,FALSE,"spring_Communities"
"CGN","YPN",1,3,FALSE,"spring_Communities"
"SWT","YPN",2,3,FALSE,"spring_Communities"
"SDO","YPN",2,3,FALSE,"spring_Communities"
"GNG","YPN",3,3,TRUE,"spring_Communities"
"PDN","YPN",3,3,TRUE,"spring_Communities"
"SYO","YPN",3,3,TRUE,"spring_Communities"
"SWB","YPN",3,3,TRUE,"spring_Communities"
"RBP","YPN",3,3,TRUE,"spring_Communities"
"RNG","YPN",1,3,FALSE,"spring_Communities"
"SOG","YPN",1,3,FALSE,"spring_Communities"
"PLS","YPN",1,3,FALSE,"spring_Communities"
"WSY","YPN",4,3,FALSE,"spring_Communities"
"WPG","YPN",4,3,FALSE,"spring_Communities"
"YBN","YPN",4,3,FALSE,"spring_Communities"
"WOG","YPN",4,3,FALSE,"spring_Communities"
"YDT","YPN",6,3,FALSE,"spring_Communities"
"YGD","YPN",7,3,FALSE,"spring_Communities"
"GBO (was GPT)","YPN",7,3,FALSE,"spring_Communities"
"YDW","YPN",7,3,FALSE,"spring_Communities"
"WNS","YPN",7,3,FALSE,"spring_Communities"
"YGP","YPN",8,3,FALSE,"spring_Communities"
"PND","YPN",8,3,FALSE,"spring_Communities"
"PNG","YPN",8,3,FALSE,"spring_Communities"
"ROW","YPN",9,3,FALSE,"spring_Communities"
"ROO","YPN",9,3,FALSE,"spring_Communities"
"YOD","YPN",9,3,FALSE,"spring_Communities"
"YND","YPN",9,3,FALSE,"spring_Communities"
"RLB","YPN",10,3,FALSE,"spring_Communities"
"WDB","YPN",11,3,FALSE,"spring_Communities"
"YGY","YPN",11,3,FALSE,"spring_Communities"
"GSD","YPN",11,3,FALSE,"spring_Communities"
"YBY","YPN",11,3,FALSE,"spring_Communities"
"GDO","YPN",11,3,FALSE,"spring_Communities"
"YBT","YPN",11,3,FALSE,"spring_Communities"
"RPP","YPN",11,3,FALSE,"spring_Communities"
"PBP (was PBB)","YPN",11,3,FALSE,"spring_Communities"
"STT","YPN",12,3,FALSE,"spring_Communities"
"SGB","YPN",12,3,FALSE,"spring_Communities"
"RGT","YPN",12,3,FALSE,"spring_Communities"
"GDN (was GDY)","YPN",13,3,FALSE,"spring_Communities"
"RTT","YPN",13,3,FALSE,"spring_Communities"
"WYD","YPN",13,3,FALSE,"spring_Communities"
"CRY","YPN",13,3,FALSE,"spring_Communities"
"CGN","RNG",1,1,TRUE,"spring_Communities"
"GNG","RNG",3,1,FALSE,"spring_Communities"
"PDN","RNG",3,1,FALSE,"spring_Communities"
"RBP","RNG",3,1,FALSE,"spring_Communities"
"PLS","RNG",1,1,TRUE,"spring_Communities"
"GBO (was GPT)","RNG",7,1,FALSE,"spring_Communities"
"PND","RNG",8,1,FALSE,"spring_Communities"
"PNG","RNG",8,1,FALSE,"spring_Communities"
"RLB","RNG",10,1,FALSE,"spring_Communities"
"GSD","RNG",11,1,FALSE,"spring_Communities"
"GDO","RNG",11,1,FALSE,"spring_Communities"
"PBP (was PBB)","RNG",11,1,FALSE,"spring_Communities"
"RGT","RNG",12,1,FALSE,"spring_Communities"
"GDN (was GDY)","RNG",13,1,FALSE,"spring_Communities"
"CRY","RNG",13,1,FALSE,"spring_Communities"
"CGN","SOG",1,1,TRUE,"spring_Communities"
"SDO","SOG",2,1,FALSE,"spring_Communities"
"GNG","SOG",3,1,FALSE,"spring_Communities"
"PDN","SOG",3,1,FALSE,"spring_Communities"
"RBP","SOG",3,1,FALSE,"spring_Communities"
"RNG","SOG",1,1,TRUE,"spring_Communities"
"PLS","SOG",1,1,TRUE,"spring_Communities"
"GBO (was GPT)","SOG",7,1,FALSE,"spring_Communities"
"PND","SOG",8,1,FALSE,"spring_Communities"
"PNG","SOG",8,1,FALSE,"spring_Communities"
"ROW","SOG",9,1,FALSE,"spring_Communities"
"ROO","SOG",9,1,FALSE,"spring_Communities"
"RLB","SOG",10,1,FALSE,"spring_Communities"
"GSD","SOG",11,1,FALSE,"spring_Communities"
"GDO","SOG",11,1,FALSE,"spring_Communities"
"RPP","SOG",11,1,FALSE,"spring_Communities"
"PBP (was PBB)","SOG",11,1,FALSE,"spring_Communities"
"SGB","SOG",12,1,FALSE,"spring_Communities"
"RGT","SOG",12,1,FALSE,"spring_Communities"
"GDN (was GDY)","SOG",13,1,FALSE,"spring_Communities"
"RTT","SOG",13,1,FALSE,"spring_Communities"
"CRY","SOG",13,1,FALSE,"spring_Communities"
"CGN","PLS",1,1,TRUE,"spring_Communities"
"GNG","PLS",3,1,FALSE,"spring_Communities"
"PDN","PLS",3,1,FALSE,"spring_Communities"
"GBO (was GPT)","PLS",7,1,FALSE,"spring_Communities"
"GSD","PLS",11,1,FALSE,"spring_Communities"
"GDO","PLS",11,1,FALSE,"spring_Communities"
"PBP (was PBB)","PLS",11,1,FALSE,"spring_Communities"
"GDN (was GDY)","PLS",13,1,FALSE,"spring_Communities"
"CRY","PLS",13,1,FALSE,"spring_Communities"
"CGN","YPS",1,1,TRUE,"spring_Communities"
"SWT","YPS",2,1,FALSE,"spring_Communities"
"SDO","YPS",2,1,FALSE,"spring_Communities"
"GNG","YPS",3,1,FALSE,"spring_Communities"
"PDN","YPS",3,1,FALSE,"spring_Communities"
"SYO","YPS",3,1,FALSE,"spring_Communities"
"SWB","YPS",3,1,FALSE,"spring_Communities"
"RBP","YPS",3,1,FALSE,"spring_Communities"
"YPN","YPS",3,1,FALSE,"spring_Communities"
"RNG","YPS",1,1,TRUE,"spring_Communities"
"SOG","YPS",1,1,TRUE,"spring_Communities"
"PLS","YPS",1,1,TRUE,"spring_Communities"
"WSY","YPS",4,1,FALSE,"spring_Communities"
"WPG","YPS",4,1,FALSE,"spring_Communities"
"YBN","YPS",4,1,FALSE,"spring_Communities"
"WOG","YPS",4,1,FALSE,"spring_Communities"
"YDT","YPS",6,1,FALSE,"spring_Communities"
"YGD","YPS",7,1,FALSE,"spring_Communities"
"GBO (was GPT)","YPS",7,1,FALSE,"spring_Communities"
"YDW","YPS",7,1,FALSE,"spring_Communities"
"WNS","YPS",7,1,FALSE,"spring_Communities"
"YGP","YPS",8,1,FALSE,"spring_Communities"
"PND","YPS",8,1,FALSE,"spring_Communities"
"PNG","YPS",8,1,FALSE,"spring_Communities"
"ROW","YPS",9,1,FALSE,"spring_Communities"
"ROO","YPS",9,1,FALSE,"spring_Communities"
"YOD","YPS",9,1,FALSE,"spring_Communities"
"YND","YPS",9,1,FALSE,"spring_Communities"
"RLB","YPS",10,1,FALSE,"spring_Communities"
"WDB","YPS",11,1,FALSE,"spring_Communities"
"YGY","YPS",11,1,FALSE,"spring_Communities"
"GSD","YPS",11,1,FALSE,"spring_Communities"
"YBY","YPS",11,1,FALSE,"spring_Communities"
"GDO","YPS",11,1,FALSE,"spring_Communities"
"YBT","YPS",11,1,FALSE,"spring_Communities"
"RPP","YPS",11,1,FALSE,"spring_Communities"
"PBP (was PBB)","YPS",11,1,FALSE,"spring_Communities"
"STT","YPS",12,1,FALSE,"spring_Communities"
"SGB","YPS",12,1,FALSE,"spring_Communities"
"RGT","YPS",12,1,FALSE,"spring_Communities"
"GDN (was GDY)","YPS",13,1,FALSE,"spring_Communities"
"RTT","YPS",13,1,FALSE,"spring_Communities"
"WYD","YPS",13,1,FALSE,"spring_Communities"
"CRY","YPS",13,1,FALSE,"spring_Communities"
"CGN","WSY",1,4,FALSE,"spring_Communities"
"SWT","WSY",2,4,FALSE,"spring_Communities"
"SDO","WSY",2,4,FALSE,"spring_Communities"
"GNG","WSY",3,4,FALSE,"spring_Communities"
"PDN","WSY",3,4,FALSE,"spring_Communities"
"SYO","WSY",3,4,FALSE,"spring_Communities"
"SWB","WSY",3,4,FALSE,"spring_Communities"
"RBP","WSY",3,4,FALSE,"spring_Communities"
"RNG","WSY",1,4,FALSE,"spring_Communities"
"SOG","WSY",1,4,FALSE,"spring_Communities"
"PLS","WSY",1,4,FALSE,"spring_Communities"
"WPG","WSY",4,4,TRUE,"spring_Communities"
"WOG","WSY",4,4,TRUE,"spring_Communities"
"GBO (was GPT)","WSY",7,4,FALSE,"spring_Communities"
"WNS","WSY",7,4,FALSE,"spring_Communities"
"PND","WSY",8,4,FALSE,"spring_Communities"
"PNG","WSY",8,4,FALSE,"spring_Communities"
"ROW","WSY",9,4,FALSE,"spring_Communities"
"ROO","WSY",9,4,FALSE,"spring_Communities"
"RLB","WSY",10,4,FALSE,"spring_Communities"
"WDB","WSY",11,4,FALSE,"spring_Communities"
"GSD","WSY",11,4,FALSE,"spring_Communities"
"GDO","WSY",11,4,FALSE,"spring_Communities"
"RPP","WSY",11,4,FALSE,"spring_Communities"
"PBP (was PBB)","WSY",11,4,FALSE,"spring_Communities"
"STT","WSY",12,4,FALSE,"spring_Communities"
"SGB","WSY",12,4,FALSE,"spring_Communities"
"RGT","WSY",12,4,FALSE,"spring_Communities"
"GDN (was GDY)","WSY",13,4,FALSE,"spring_Communities"
"RTT","WSY",13,4,FALSE,"spring_Communities"
"CRY","WSY",13,4,FALSE,"spring_Communities"
"CGN","WPG",1,4,FALSE,"spring_Communities"
"SWT","WPG",2,4,FALSE,"spring_Communities"
"SDO","WPG",2,4,FALSE,"spring_Communities"
"GNG","WPG",3,4,FALSE,"spring_Communities"
"PDN","WPG",3,4,FALSE,"spring_Communities"
"SYO","WPG",3,4,FALSE,"spring_Communities"
"SWB","WPG",3,4,FALSE,"spring_Communities"
"RBP","WPG",3,4,FALSE,"spring_Communities"
"RNG","WPG",1,4,FALSE,"spring_Communities"
"SOG","WPG",1,4,FALSE,"spring_Communities"
"PLS","WPG",1,4,FALSE,"spring_Communities"
"WOG","WPG",4,4,TRUE,"spring_Communities"
"GBO (was GPT)","WPG",7,4,FALSE,"spring_Communities"
"WNS","WPG",7,4,FALSE,"spring_Communities"
"PND","WPG",8,4,FALSE,"spring_Communities"
"PNG","WPG",8,4,FALSE,"spring_Communities"
"ROW","WPG",9,4,FALSE,"spring_Communities"
"ROO","WPG",9,4,FALSE,"spring_Communities"
"RLB","WPG",10,4,FALSE,"spring_Communities"
"WDB","WPG",11,4,FALSE,"spring_Communities"
"GSD","WPG",11,4,FALSE,"spring_Communities"
"GDO","WPG",11,4,FALSE,"spring_Communities"
"RPP","WPG",11,4,FALSE,"spring_Communities"
"PBP (was PBB)","WPG",11,4,FALSE,"spring_Communities"
"STT","WPG",12,4,FALSE,"spring_Communities"
"SGB","WPG",12,4,FALSE,"spring_Communities"
"RGT","WPG",12,4,FALSE,"spring_Communities"
"GDN (was GDY)","WPG",13,4,FALSE,"spring_Communities"
"RTT","WPG",13,4,FALSE,"spring_Communities"
"CRY","WPG",13,4,FALSE,"spring_Communities"
"CGN","YBN",1,4,FALSE,"spring_Communities"
"SWT","YBN",2,4,FALSE,"spring_Communities"
"SDO","YBN",2,4,FALSE,"spring_Communities"
"GNG","YBN",3,4,FALSE,"spring_Communities"
"PDN","YBN",3,4,FALSE,"spring_Communities"
"SYO","YBN",3,4,FALSE,"spring_Communities"
"SWB","YBN",3,4,FALSE,"spring_Communities"
"RBP","YBN",3,4,FALSE,"spring_Communities"
"RNG","YBN",1,4,FALSE,"spring_Communities"
"SOG","YBN",1,4,FALSE,"spring_Communities"
"PLS","YBN",1,4,FALSE,"spring_Communities"
"WSY","YBN",4,4,TRUE,"spring_Communities"
"WPG","YBN",4,4,TRUE,"spring_Communities"
"WOG","YBN",4,4,TRUE,"spring_Communities"
"GBO (was GPT)","YBN",7,4,FALSE,"spring_Communities"
"WNS","YBN",7,4,FALSE,"spring_Communities"
"PND","YBN",8,4,FALSE,"spring_Communities"
"PNG","YBN",8,4,FALSE,"spring_Communities"
"ROW","YBN",9,4,FALSE,"spring_Communities"
"ROO","YBN",9,4,FALSE,"spring_Communities"
"RLB","YBN",10,4,FALSE,"spring_Communities"
"WDB","YBN",11,4,FALSE,"spring_Communities"
"GSD","YBN",11,4,FALSE,"spring_Communities"
"GDO","YBN",11,4,FALSE,"spring_Communities"
"RPP","YBN",11,4,FALSE,"spring_Communities"
"PBP (was PBB)","YBN",11,4,FALSE,"spring_Communities"
"STT","YBN",12,4,FALSE,"spring_Communities"
"SGB","YBN",12,4,FALSE,"spring_Communities"
"RGT","YBN",12,4,FALSE,"spring_Communities"
"GDN (was GDY)","YBN",13,4,FALSE,"spring_Communities"
"RTT","YBN",13,4,FALSE,"spring_Communities"
"WYD","YBN",13,4,FALSE,"spring_Communities"
"CRY","YBN",13,4,FALSE,"spring_Communities"
"CGN","WOG",1,4,FALSE,"spring_Communities"
"SWT","WOG",2,4,FALSE,"spring_Communities"
"SDO","WOG",2,4,FALSE,"spring_Communities"
"GNG","WOG",3,4,FALSE,"spring_Communities"
"PDN","WOG",3,4,FALSE,"spring_Communities"
"SYO","WOG",3,4,FALSE,"spring_Communities"
"SWB","WOG",3,4,FALSE,"spring_Communities"
"RBP","WOG",3,4,FALSE,"spring_Communities"
"RNG","WOG",1,4,FALSE,"spring_Communities"
"SOG","WOG",1,4,FALSE,"spring_Communities"
"PLS","WOG",1,4,FALSE,"spring_Communities"
"GBO (was GPT)","WOG",7,4,FALSE,"spring_Communities"
"WNS","WOG",7,4,FALSE,"spring_Communities"
"PND","WOG",8,4,FALSE,"spring_Communities"
"PNG","WOG",8,4,FALSE,"spring_Communities"
"ROW","WOG",9,4,FALSE,"spring_Communities"
"ROO","WOG",9,4,FALSE,"spring_Communities"
"RLB","WOG",10,4,FALSE,"spring_Communities"
"WDB","WOG",11,4,FALSE,"spring_Communities"
"GSD","WOG",11,4,FALSE,"spring_Communities"
"GDO","WOG",11,4,FALSE,"spring_Communities"
"RPP","WOG",11,4,FALSE,"spring_Communities"
"PBP (was PBB)","WOG",11,4,FALSE,"spring_Communities"
"STT","WOG",12,4,FALSE,"spring_Communities"
"SGB","WOG",12,4,FALSE,"spring_Communities"
"RGT","WOG",12,4,FALSE,"spring_Communities"
"GDN (was GDY)","WOG",13,4,FALSE,"spring_Communities"
"RTT","WOG",13,4,FALSE,"spring_Communities"
"CRY","WOG",13,4,FALSE,"spring_Communities"
"CGN","YWS",1,5,FALSE,"spring_Communities"
"SWT","YWS",2,5,FALSE,"spring_Communities"
"SDO","YWS",2,5,FALSE,"spring_Communities"
"GNG","YWS",3,5,FALSE,"spring_Communities"
"PDN","YWS",3,5,FALSE,"spring_Communities"
"SYO","YWS",3,5,FALSE,"spring_Communities"
"SWB","YWS",3,5,FALSE,"spring_Communities"
"RBP","YWS",3,5,FALSE,"spring_Communities"
"YPN","YWS",3,5,FALSE,"spring_Communities"
"RNG","YWS",1,5,FALSE,"spring_Communities"
"SOG","YWS",1,5,FALSE,"spring_Communities"
"PLS","YWS",1,5,FALSE,"spring_Communities"
"YPS","YWS",1,5,FALSE,"spring_Communities"
"WSY","YWS",4,5,FALSE,"spring_Communities"
"WPG","YWS",4,5,FALSE,"spring_Communities"
"YBN","YWS",4,5,FALSE,"spring_Communities"
"WOG","YWS",4,5,FALSE,"spring_Communities"
"YDT","YWS",6,5,FALSE,"spring_Communities"
"YGD","YWS",7,5,FALSE,"spring_Communities"
"GBO (was GPT)","YWS",7,5,FALSE,"spring_Communities"
"YDW","YWS",7,5,FALSE,"spring_Communities"
"WNS","YWS",7,5,FALSE,"spring_Communities"
"YGP","YWS",8,5,FALSE,"spring_Communities"
"YSR","YWS",8,5,FALSE,"spring_Communities"
"PND","YWS",8,5,FALSE,"spring_Communities"
"PNG","YWS",8,5,FALSE,"spring_Communities"
"ROW","YWS",9,5,FALSE,"spring_Communities"
"ROO","YWS",9,5,FALSE,"spring_Communities"
"YOD","YWS",9,5,FALSE,"spring_Communities"
"YND","YWS",9,5,FALSE,"spring_Communities"
"RLB","YWS",10,5,FALSE,"spring_Communities"
"WDB","YWS",11,5,FALSE,"spring_Communities"
"YGY","YWS",11,5,FALSE,"spring_Communities"
"GSD","YWS",11,5,FALSE,"spring_Communities"
"YBY","YWS",11,5,FALSE,"spring_Communities"
"GDO","YWS",11,5,FALSE,"spring_Communities"
"YBT","YWS",11,5,FALSE,"spring_Communities"
"RPP","YWS",11,5,FALSE,"spring_Communities"
"PBP (was PBB)","YWS",11,5,FALSE,"spring_Communities"
"STT","YWS",12,5,FALSE,"spring_Communities"
"SGB","YWS",12,5,FALSE,"spring_Communities"
"RGT","YWS",12,5,FALSE,"spring_Communities"
"GDN (was GDY)","YWS",13,5,FALSE,"spring_Communities"
"RTT","YWS",13,5,FALSE,"spring_Communities"
"WYD","YWS",13,5,FALSE,"spring_Communities"
"YSG","YWS",13,5,FALSE,"spring_Communities"
"CRY","YWS",13,5,FALSE,"spring_Communities"
"CGN","YDT",1,6,FALSE,"spring_Communities"
"SWT","YDT",2,6,FALSE,"spring_Communities"
"SDO","YDT",2,6,FALSE,"spring_Communities"
"GNG","YDT",3,6,FALSE,"spring_Communities"
"PDN","YDT",3,6,FALSE,"spring_Communities"
"SYO","YDT",3,6,FALSE,"spring_Communities"
"SWB","YDT",3,6,FALSE,"spring_Communities"
"RBP","YDT",3,6,FALSE,"spring_Communities"
"RNG","YDT",1,6,FALSE,"spring_Communities"
"SOG","YDT",1,6,FALSE,"spring_Communities"
"PLS","YDT",1,6,FALSE,"spring_Communities"
"WSY","YDT",4,6,FALSE,"spring_Communities"
"WPG","YDT",4,6,FALSE,"spring_Communities"
"YBN","YDT",4,6,FALSE,"spring_Communities"
"WOG","YDT",4,6,FALSE,"spring_Communities"
"GBO (was GPT)","YDT",7,6,FALSE,"spring_Communities"
"WNS","YDT",7,6,FALSE,"spring_Communities"
"PND","YDT",8,6,FALSE,"spring_Communities"
"PNG","YDT",8,6,FALSE,"spring_Communities"
"ROW","YDT",9,6,FALSE,"spring_Communities"
"ROO","YDT",9,6,FALSE,"spring_Communities"
"RLB","YDT",10,6,FALSE,"spring_Communities"
"WDB","YDT",11,6,FALSE,"spring_Communities"
"GSD","YDT",11,6,FALSE,"spring_Communities"
"YBY","YDT",11,6,FALSE,"spring_Communities"
"GDO","YDT",11,6,FALSE,"spring_Communities"
"YBT","YDT",11,6,FALSE,"spring_Communities"
"RPP","YDT",11,6,FALSE,"spring_Communities"
"PBP (was PBB)","YDT",11,6,FALSE,"spring_Communities"
"STT","YDT",12,6,FALSE,"spring_Communities"
"SGB","YDT",12,6,FALSE,"spring_Communities"
"RGT","YDT",12,6,FALSE,"spring_Communities"
"GDN (was GDY)","YDT",13,6,FALSE,"spring_Communities"
"RTT","YDT",13,6,FALSE,"spring_Communities"
"WYD","YDT",13,6,FALSE,"spring_Communities"
"CRY","YDT",13,6,FALSE,"spring_Communities"
"CGN","YGD",1,7,FALSE,"spring_Communities"
"SWT","YGD",2,7,FALSE,"spring_Communities"
"SDO","YGD",2,7,FALSE,"spring_Communities"
"GNG","YGD",3,7,FALSE,"spring_Communities"
"PDN","YGD",3,7,FALSE,"spring_Communities"
"SYO","YGD",3,7,FALSE,"spring_Communities"
"SWB","YGD",3,7,FALSE,"spring_Communities"
"RBP","YGD",3,7,FALSE,"spring_Communities"
"RNG","YGD",1,7,FALSE,"spring_Communities"
"SOG","YGD",1,7,FALSE,"spring_Communities"
"PLS","YGD",1,7,FALSE,"spring_Communities"
"WSY","YGD",4,7,FALSE,"spring_Communities"
"WPG","YGD",4,7,FALSE,"spring_Communities"
"YBN","YGD",4,7,FALSE,"spring_Communities"
"WOG","YGD",4,7,FALSE,"spring_Communities"
"YDT","YGD",6,7,FALSE,"spring_Communities"
"GBO (was GPT)","YGD",7,7,TRUE,"spring_Communities"
"YDW","YGD",7,7,TRUE,"spring_Communities"
"WNS","YGD",7,7,TRUE,"spring_Communities"
"PND","YGD",8,7,FALSE,"spring_Communities"
"PNG","YGD",8,7,FALSE,"spring_Communities"
"ROW","YGD",9,7,FALSE,"spring_Communities"
"ROO","YGD",9,7,FALSE,"spring_Communities"
"RLB","YGD",10,7,FALSE,"spring_Communities"
"WDB","YGD",11,7,FALSE,"spring_Communities"
"GSD","YGD",11,7,FALSE,"spring_Communities"
"YBY","YGD",11,7,FALSE,"spring_Communities"
"GDO","YGD",11,7,FALSE,"spring_Communities"
"YBT","YGD",11,7,FALSE,"spring_Communities"
"RPP","YGD",11,7,FALSE,"spring_Communities"
"PBP (was PBB)","YGD",11,7,FALSE,"spring_Communities"
"STT","YGD",12,7,FALSE,"spring_Communities"
"SGB","YGD",12,7,FALSE,"spring_Communities"
"RGT","YGD",12,7,FALSE,"spring_Communities"
"GDN (was GDY)","YGD",13,7,FALSE,"spring_Communities"
"RTT","YGD",13,7,FALSE,"spring_Communities"
"WYD","YGD",13,7,FALSE,"spring_Communities"
"CRY","YGD",13,7,FALSE,"spring_Communities"
"CGN","GBO (was GPT)",1,7,FALSE,"spring_Communities"
"CRY","GBO (was GPT)",13,7,FALSE,"spring_Communities"
"CGN","YDW",1,7,FALSE,"spring_Communities"
"SWT","YDW",2,7,FALSE,"spring_Communities"
"SDO","YDW",2,7,FALSE,"spring_Communities"
"GNG","YDW",3,7,FALSE,"spring_Communities"
"PDN","YDW",3,7,FALSE,"spring_Communities"
"SYO","YDW",3,7,FALSE,"spring_Communities"
"SWB","YDW",3,7,FALSE,"spring_Communities"
"RBP","YDW",3,7,FALSE,"spring_Communities"
"RNG","YDW",1,7,FALSE,"spring_Communities"
"SOG","YDW",1,7,FALSE,"spring_Communities"
"PLS","YDW",1,7,FALSE,"spring_Communities"
"WSY","YDW",4,7,FALSE,"spring_Communities"
"WPG","YDW",4,7,FALSE,"spring_Communities"
"YBN","YDW",4,7,FALSE,"spring_Communities"
"WOG","YDW",4,7,FALSE,"spring_Communities"
"YDT","YDW",6,7,FALSE,"spring_Communities"
"GBO (was GPT)","YDW",7,7,TRUE,"spring_Communities"
"WNS","YDW",7,7,TRUE,"spring_Communities"
"PND","YDW",8,7,FALSE,"spring_Communities"
"PNG","YDW",8,7,FALSE,"spring_Communities"
"ROW","YDW",9,7,FALSE,"spring_Communities"
"ROO","YDW",9,7,FALSE,"spring_Communities"
"RLB","YDW",10,7,FALSE,"spring_Communities"
"WDB","YDW",11,7,FALSE,"spring_Communities"
"GSD","YDW",11,7,FALSE,"spring_Communities"
"YBY","YDW",11,7,FALSE,"spring_Communities"
"GDO","YDW",11,7,FALSE,"spring_Communities"
"YBT","YDW",11,7,FALSE,"spring_Communities"
"RPP","YDW",11,7,FALSE,"spring_Communities"
"PBP (was PBB)","YDW",11,7,FALSE,"spring_Communities"
"STT","YDW",12,7,FALSE,"spring_Communities"
"SGB","YDW",12,7,FALSE,"spring_Communities"
"RGT","YDW",12,7,FALSE,"spring_Communities"
"GDN (was GDY)","YDW",13,7,FALSE,"spring_Communities"
"RTT","YDW",13,7,FALSE,"spring_Communities"
"WYD","YDW",13,7,FALSE,"spring_Communities"
"CRY","YDW",13,7,FALSE,"spring_Communities"
"CGN","WNS",1,7,FALSE,"spring_Communities"
"SWT","WNS",2,7,FALSE,"spring_Communities"
"SDO","WNS",2,7,FALSE,"spring_Communities"
"GNG","WNS",3,7,FALSE,"spring_Communities"
"PDN","WNS",3,7,FALSE,"spring_Communities"
"SYO","WNS",3,7,FALSE,"spring_Communities"
"SWB","WNS",3,7,FALSE,"spring_Communities"
"RBP","WNS",3,7,FALSE,"spring_Communities"
"RNG","WNS",1,7,FALSE,"spring_Communities"
"SOG","WNS",1,7,FALSE,"spring_Communities"
"PLS","WNS",1,7,FALSE,"spring_Communities"
"GBO (was GPT)","WNS",7,7,TRUE,"spring_Communities"
"PND","WNS",8,7,FALSE,"spring_Communities"
"PNG","WNS",8,7,FALSE,"spring_Communities"
"ROW","WNS",9,7,FALSE,"spring_Communities"
"ROO","WNS",9,7,FALSE,"spring_Communities"
"RLB","WNS",10,7,FALSE,"spring_Communities"
"WDB","WNS",11,7,FALSE,"spring_Communities"
"GSD","WNS",11,7,FALSE,"spring_Communities"
"GDO","WNS",11,7,FALSE,"spring_Communities"
"RPP","WNS",11,7,FALSE,"spring_Communities"
"PBP (was PBB)","WNS",11,7,FALSE,"spring_Communities"
"STT","WNS",12,7,FALSE,"spring_Communities"
"SGB","WNS",12,7,FALSE,"spring_Communities"
"RGT","WNS",12,7,FALSE,"spring_Communities"
"GDN (was GDY)","WNS",13,7,FALSE,"spring_Communities"
"RTT","WNS",13,7,FALSE,"spring_Communities"
"CRY","WNS",13,7,FALSE,"spring_Communities"
"CGN","YGP",1,8,FALSE,"spring_Communities"
"SWT","YGP",2,8,FALSE,"spring_Communities"
"SDO","YGP",2,8,FALSE,"spring_Communities"
"GNG","YGP",3,8,FALSE,"spring_Communities"
"PDN","YGP",3,8,FALSE,"spring_Communities"
"SYO","YGP",3,8,FALSE,"spring_Communities"
"SWB","YGP",3,8,FALSE,"spring_Communities"
"RBP","YGP",3,8,FALSE,"spring_Communities"
"RNG","YGP",1,8,FALSE,"spring_Communities"
"SOG","YGP",1,8,FALSE,"spring_Communities"
"PLS","YGP",1,8,FALSE,"spring_Communities"
"WSY","YGP",4,8,FALSE,"spring_Communities"
"WPG","YGP",4,8,FALSE,"spring_Communities"
"YBN","YGP",4,8,FALSE,"spring_Communities"
"WOG","YGP",4,8,FALSE,"spring_Communities"
"YDT","YGP",6,8,FALSE,"spring_Communities"
"YGD","YGP",7,8,FALSE,"spring_Communities"
"GBO (was GPT)","YGP",7,8,FALSE,"spring_Communities"
"YDW","YGP",7,8,FALSE,"spring_Communities"
"WNS","YGP",7,8,FALSE,"spring_Communities"
"PND","YGP",8,8,TRUE,"spring_Communities"
"PNG","YGP",8,8,TRUE,"spring_Communities"
"ROW","YGP",9,8,FALSE,"spring_Communities"
"ROO","YGP",9,8,FALSE,"spring_Communities"
"RLB","YGP",10,8,FALSE,"spring_Communities"
"WDB","YGP",11,8,FALSE,"spring_Communities"
"GSD","YGP",11,8,FALSE,"spring_Communities"
"YBY","YGP",11,8,FALSE,"spring_Communities"
"GDO","YGP",11,8,FALSE,"spring_Communities"
"YBT","YGP",11,8,FALSE,"spring_Communities"
"RPP","YGP",11,8,FALSE,"spring_Communities"
"PBP (was PBB)","YGP",11,8,FALSE,"spring_Communities"
"STT","YGP",12,8,FALSE,"spring_Communities"
"SGB","YGP",12,8,FALSE,"spring_Communities"
"RGT","YGP",12,8,FALSE,"spring_Communities"
"GDN (was GDY)","YGP",13,8,FALSE,"spring_Communities"
"RTT","YGP",13,8,FALSE,"spring_Communities"
"WYD","YGP",13,8,FALSE,"spring_Communities"
"CRY","YGP",13,8,FALSE,"spring_Communities"
"CGN","YSR",1,8,FALSE,"spring_Communities"
"SWT","YSR",2,8,FALSE,"spring_Communities"
"SDO","YSR",2,8,FALSE,"spring_Communities"
"GNG","YSR",3,8,FALSE,"spring_Communities"
"PDN","YSR",3,8,FALSE,"spring_Communities"
"SYO","YSR",3,8,FALSE,"spring_Communities"
"SWB","YSR",3,8,FALSE,"spring_Communities"
"RBP","YSR",3,8,FALSE,"spring_Communities"
"YPN","YSR",3,8,FALSE,"spring_Communities"
"RNG","YSR",1,8,FALSE,"spring_Communities"
"SOG","YSR",1,8,FALSE,"spring_Communities"
"PLS","YSR",1,8,FALSE,"spring_Communities"
"YPS","YSR",1,8,FALSE,"spring_Communities"
"WSY","YSR",4,8,FALSE,"spring_Communities"
"WPG","YSR",4,8,FALSE,"spring_Communities"
"YBN","YSR",4,8,FALSE,"spring_Communities"
"WOG","YSR",4,8,FALSE,"spring_Communities"
"YDT","YSR",6,8,FALSE,"spring_Communities"
"YGD","YSR",7,8,FALSE,"spring_Communities"
"GBO (was GPT)","YSR",7,8,FALSE,"spring_Communities"
"YDW","YSR",7,8,FALSE,"spring_Communities"
"WNS","YSR",7,8,FALSE,"spring_Communities"
"YGP","YSR",8,8,TRUE,"spring_Communities"
"PND","YSR",8,8,TRUE,"spring_Communities"
"PNG","YSR",8,8,TRUE,"spring_Communities"
"ROW","YSR",9,8,FALSE,"spring_Communities"
"ROO","YSR",9,8,FALSE,"spring_Communities"
"YOD","YSR",9,8,FALSE,"spring_Communities"
"YND","YSR",9,8,FALSE,"spring_Communities"
"RLB","YSR",10,8,FALSE,"spring_Communities"
"WDB","YSR",11,8,FALSE,"spring_Communities"
"YGY","YSR",11,8,FALSE,"spring_Communities"
"GSD","YSR",11,8,FALSE,"spring_Communities"
"YBY","YSR",11,8,FALSE,"spring_Communities"
"GDO","YSR",11,8,FALSE,"spring_Communities"
"YBT","YSR",11,8,FALSE,"spring_Communities"
"RPP","YSR",11,8,FALSE,"spring_Communities"
"PBP (was PBB)","YSR",11,8,FALSE,"spring_Communities"
"STT","YSR",12,8,FALSE,"spring_Communities"
"SGB","YSR",12,8,FALSE,"spring_Communities"
"RGT","YSR",12,8,FALSE,"spring_Communities"
"GDN (was GDY)","YSR",13,8,FALSE,"spring_Communities"
"RTT","YSR",13,8,FALSE,"spring_Communities"
"WYD","YSR",13,8,FALSE,"spring_Communities"
"YSG","YSR",13,8,FALSE,"spring_Communities"
"CRY","YSR",13,8,FALSE,"spring_Communities"
"CGN","PND",1,8,FALSE,"spring_Communities"
"GNG","PND",3,8,FALSE,"spring_Communities"
"PDN","PND",3,8,FALSE,"spring_Communities"
"PLS","PND",1,8,FALSE,"spring_Communities"
"GBO (was GPT)","PND",7,8,FALSE,"spring_Communities"
"GSD","PND",11,8,FALSE,"spring_Communities"
"GDO","PND",11,8,FALSE,"spring_Communities"
"PBP (was PBB)","PND",11,8,FALSE,"spring_Communities"
"GDN (was GDY)","PND",13,8,FALSE,"spring_Communities"
"CRY","PND",13,8,FALSE,"spring_Communities"
"CGN","PNG",1,8,FALSE,"spring_Communities"
"GNG","PNG",3,8,FALSE,"spring_Communities"
"PDN","PNG",3,8,FALSE,"spring_Communities"
"PLS","PNG",1,8,FALSE,"spring_Communities"
"GBO (was GPT)","PNG",7,8,FALSE,"spring_Communities"
"PND","PNG",8,8,TRUE,"spring_Communities"
"GSD","PNG",11,8,FALSE,"spring_Communities"
"GDO","PNG",11,8,FALSE,"spring_Communities"
"PBP (was PBB)","PNG",11,8,FALSE,"spring_Communities"
"GDN (was GDY)","PNG",13,8,FALSE,"spring_Communities"
"CRY","PNG",13,8,FALSE,"spring_Communities"
"CGN","ROW",1,9,FALSE,"spring_Communities"
"GNG","ROW",3,9,FALSE,"spring_Communities"
"PDN","ROW",3,9,FALSE,"spring_Communities"
"RBP","ROW",3,9,FALSE,"spring_Communities"
"RNG","ROW",1,9,FALSE,"spring_Communities"
"PLS","ROW",1,9,FALSE,"spring_Communities"
"GBO (was GPT)","ROW",7,9,FALSE,"spring_Communities"
"PND","ROW",8,9,FALSE,"spring_Communities"
"PNG","ROW",8,9,FALSE,"spring_Communities"
"ROO","ROW",9,9,TRUE,"spring_Communities"
"RLB","ROW",10,9,FALSE,"spring_Communities"
"GSD","ROW",11,9,FALSE,"spring_Communities"
"GDO","ROW",11,9,FALSE,"spring_Communities"
"PBP (was PBB)","ROW",11,9,FALSE,"spring_Communities"
"RGT","ROW",12,9,FALSE,"spring_Communities"
"GDN (was GDY)","ROW",13,9,FALSE,"spring_Communities"
"CRY","ROW",13,9,FALSE,"spring_Communities"
"CGN","ROO",1,9,FALSE,"spring_Communities"
"GNG","ROO",3,9,FALSE,"spring_Communities"
"PDN","ROO",3,9,FALSE,"spring_Communities"
"RBP","ROO",3,9,FALSE,"spring_Communities"
"RNG","ROO",1,9,FALSE,"spring_Communities"
"PLS","ROO",1,9,FALSE,"spring_Communities"
"GBO (was GPT)","ROO",7,9,FALSE,"spring_Communities"
"PND","ROO",8,9,FALSE,"spring_Communities"
"PNG","ROO",8,9,FALSE,"spring_Communities"
"RLB","ROO",10,9,FALSE,"spring_Communities"
"GSD","ROO",11,9,FALSE,"spring_Communities"
"GDO","ROO",11,9,FALSE,"spring_Communities"
"PBP (was PBB)","ROO",11,9,FALSE,"spring_Communities"
"RGT","ROO",12,9,FALSE,"spring_Communities"
"GDN (was GDY)","ROO",13,9,FALSE,"spring_Communities"
"CRY","ROO",13,9,FALSE,"spring_Communities"
"CGN","YOD",1,9,FALSE,"spring_Communities"
"SWT","YOD",2,9,FALSE,"spring_Communities"
"SDO","YOD",2,9,FALSE,"spring_Communities"
"GNG","YOD",3,9,FALSE,"spring_Communities"
"PDN","YOD",3,9,FALSE,"spring_Communities"
"SYO","YOD",3,9,FALSE,"spring_Communities"
"SWB","YOD",3,9,FALSE,"spring_Communities"
"RBP","YOD",3,9,FALSE,"spring_Communities"
"RNG","YOD",1,9,FALSE,"spring_Communities"
"SOG","YOD",1,9,FALSE,"spring_Communities"
"PLS","YOD",1,9,FALSE,"spring_Communities"
"WSY","YOD",4,9,FALSE,"spring_Communities"
"WPG","YOD",4,9,FALSE,"spring_Communities"
"YBN","YOD",4,9,FALSE,"spring_Communities"
"WOG","YOD",4,9,FALSE,"spring_Communities"
"YDT","YOD",6,9,FALSE,"spring_Communities"
"YGD","YOD",7,9,FALSE,"spring_Communities"
"GBO (was GPT)","YOD",7,9,FALSE,"spring_Communities"
"YDW","YOD",7,9,FALSE,"spring_Communities"
"WNS","YOD",7,9,FALSE,"spring_Communities"
"YGP","YOD",8,9,FALSE,"spring_Communities"
"PND","YOD",8,9,FALSE,"spring_Communities"
"PNG","YOD",8,9,FALSE,"spring_Communities"
"ROW","YOD",9,9,TRUE,"spring_Communities"
"ROO","YOD",9,9,TRUE,"spring_Communities"
"YND","YOD",9,9,TRUE,"spring_Communities"
"RLB","YOD",10,9,FALSE,"spring_Communities"
"WDB","YOD",11,9,FALSE,"spring_Communities"
"YGY","YOD",11,9,FALSE,"spring_Communities"
"GSD","YOD",11,9,FALSE,"spring_Communities"
"YBY","YOD",11,9,FALSE,"spring_Communities"
"GDO","YOD",11,9,FALSE,"spring_Communities"
"YBT","YOD",11,9,FALSE,"spring_Communities"
"RPP","YOD",11,9,FALSE,"spring_Communities"
"PBP (was PBB)","YOD",11,9,FALSE,"spring_Communities"
"STT","YOD",12,9,FALSE,"spring_Communities"
"SGB","YOD",12,9,FALSE,"spring_Communities"
"RGT","YOD",12,9,FALSE,"spring_Communities"
"GDN (was GDY)","YOD",13,9,FALSE,"spring_Communities"
"RTT","YOD",13,9,FALSE,"spring_Communities"
"WYD","YOD",13,9,FALSE,"spring_Communities"
"CRY","YOD",13,9,FALSE,"spring_Communities"
"CGN","YND",1,9,FALSE,"spring_Communities"
"SWT","YND",2,9,FALSE,"spring_Communities"
"SDO","YND",2,9,FALSE,"spring_Communities"
"GNG","YND",3,9,FALSE,"spring_Communities"
"PDN","YND",3,9,FALSE,"spring_Communities"
"SYO","YND",3,9,FALSE,"spring_Communities"
"SWB","YND",3,9,FALSE,"spring_Communities"
"RBP","YND",3,9,FALSE,"spring_Communities"
"RNG","YND",1,9,FALSE,"spring_Communities"
"SOG","YND",1,9,FALSE,"spring_Communities"
"PLS","YND",1,9,FALSE,"spring_Communities"
"WSY","YND",4,9,FALSE,"spring_Communities"
"WPG","YND",4,9,FALSE,"spring_Communities"
"YBN","YND",4,9,FALSE,"spring_Communities"
"WOG","YND",4,9,FALSE,"spring_Communities"
"YDT","YND",6,9,FALSE,"spring_Communities"
"YGD","YND",7,9,FALSE,"spring_Communities"
"GBO (was GPT)","YND",7,9,FALSE,"spring_Communities"
"YDW","YND",7,9,FALSE,"spring_Communities"
"WNS","YND",7,9,FALSE,"spring_Communities"
"YGP","YND",8,9,FALSE,"spring_Communities"
"PND","YND",8,9,FALSE,"spring_Communities"
"PNG","YND",8,9,FALSE,"spring_Communities"
"ROW","YND",9,9,TRUE,"spring_Communities"
"ROO","YND",9,9,TRUE,"spring_Communities"
"RLB","YND",10,9,FALSE,"spring_Communities"
"WDB","YND",11,9,FALSE,"spring_Communities"
"YGY","YND",11,9,FALSE,"spring_Communities"
"GSD","YND",11,9,FALSE,"spring_Communities"
"YBY","YND",11,9,FALSE,"spring_Communities"
"GDO","YND",11,9,FALSE,"spring_Communities"
"YBT","YND",11,9,FALSE,"spring_Communities"
"RPP","YND",11,9,FALSE,"spring_Communities"
"PBP (was PBB)","YND",11,9,FALSE,"spring_Communities"
"STT","YND",12,9,FALSE,"spring_Communities"
"SGB","YND",12,9,FALSE,"spring_Communities"
"RGT","YND",12,9,FALSE,"spring_Communities"
"GDN (was GDY)","YND",13,9,FALSE,"spring_Communities"
"RTT","YND",13,9,FALSE,"spring_Communities"
"WYD","YND",13,9,FALSE,"spring_Communities"
"CRY","YND",13,9,FALSE,"spring_Communities"
"CGN","RLB",1,10,FALSE,"spring_Communities"
"GNG","RLB",3,10,FALSE,"spring_Communities"
"PDN","RLB",3,10,FALSE,"spring_Communities"
"RBP","RLB",3,10,FALSE,"spring_Communities"
"PLS","RLB",1,10,FALSE,"spring_Communities"
"GBO (was GPT)","RLB",7,10,FALSE,"spring_Communities"
"PND","RLB",8,10,FALSE,"spring_Communities"
"PNG","RLB",8,10,FALSE,"spring_Communities"
"GSD","RLB",11,10,FALSE,"spring_Communities"
"GDO","RLB",11,10,FALSE,"spring_Communities"
"PBP (was PBB)","RLB",11,10,FALSE,"spring_Communities"
"RGT","RLB",12,10,FALSE,"spring_Communities"
"GDN (was GDY)","RLB",13,10,FALSE,"spring_Communities"
"CRY","RLB",13,10,FALSE,"spring_Communities"
"CGN","WDB",1,11,FALSE,"spring_Communities"
"SWT","WDB",2,11,FALSE,"spring_Communities"
"SDO","WDB",2,11,FALSE,"spring_Communities"
"GNG","WDB",3,11,FALSE,"spring_Communities"
"PDN","WDB",3,11,FALSE,"spring_Communities"
"SYO","WDB",3,11,FALSE,"spring_Communities"
"SWB","WDB",3,11,FALSE,"spring_Communities"
"RBP","WDB",3,11,FALSE,"spring_Communities"
"RNG","WDB",1,11,FALSE,"spring_Communities"
"SOG","WDB",1,11,FALSE,"spring_Communities"
"PLS","WDB",1,11,FALSE,"spring_Communities"
"GBO (was GPT)","WDB",7,11,FALSE,"spring_Communities"
"PND","WDB",8,11,FALSE,"spring_Communities"
"PNG","WDB",8,11,FALSE,"spring_Communities"
"ROW","WDB",9,11,FALSE,"spring_Communities"
"ROO","WDB",9,11,FALSE,"spring_Communities"
"RLB","WDB",10,11,FALSE,"spring_Communities"
"GSD","WDB",11,11,TRUE,"spring_Communities"
"GDO","WDB",11,11,TRUE,"spring_Communities"
"RPP","WDB",11,11,TRUE,"spring_Communities"
"PBP (was PBB)","WDB",11,11,TRUE,"spring_Communities"
"STT","WDB",12,11,FALSE,"spring_Communities"
"SGB","WDB",12,11,FALSE,"spring_Communities"
"RGT","WDB",12,11,FALSE,"spring_Communities"
"GDN (was GDY)","WDB",13,11,FALSE,"spring_Communities"
"RTT","WDB",13,11,FALSE,"spring_Communities"
"CRY","WDB",13,11,FALSE,"spring_Communities"
"CGN","YGY",1,11,FALSE,"spring_Communities"
"SWT","YGY",2,11,FALSE,"spring_Communities"
"SDO","YGY",2,11,FALSE,"spring_Communities"
"GNG","YGY",3,11,FALSE,"spring_Communities"
"PDN","YGY",3,11,FALSE,"spring_Communities"
"SYO","YGY",3,11,FALSE,"spring_Communities"
"SWB","YGY",3,11,FALSE,"spring_Communities"
"RBP","YGY",3,11,FALSE,"spring_Communities"
"RNG","YGY",1,11,FALSE,"spring_Communities"
"SOG","YGY",1,11,FALSE,"spring_Communities"
"PLS","YGY",1,11,FALSE,"spring_Communities"
"WSY","YGY",4,11,FALSE,"spring_Communities"
"WPG","YGY",4,11,FALSE,"spring_Communities"
"YBN","YGY",4,11,FALSE,"spring_Communities"
"WOG","YGY",4,11,FALSE,"spring_Communities"
"YDT","YGY",6,11,FALSE,"spring_Communities"
"YGD","YGY",7,11,FALSE,"spring_Communities"
"GBO (was GPT)","YGY",7,11,FALSE,"spring_Communities"
"YDW","YGY",7,11,FALSE,"spring_Communities"
"WNS","YGY",7,11,FALSE,"spring_Communities"
"YGP","YGY",8,11,FALSE,"spring_Communities"
"PND","YGY",8,11,FALSE,"spring_Communities"
"PNG","YGY",8,11,FALSE,"spring_Communities"
"ROW","YGY",9,11,FALSE,"spring_Communities"
"ROO","YGY",9,11,FALSE,"spring_Communities"
"RLB","YGY",10,11,FALSE,"spring_Communities"
"WDB","YGY",11,11,TRUE,"spring_Communities"
"GSD","YGY",11,11,TRUE,"spring_Communities"
"YBY","YGY",11,11,TRUE,"spring_Communities"
"GDO","YGY",11,11,TRUE,"spring_Communities"
"YBT","YGY",11,11,TRUE,"spring_Communities"
"RPP","YGY",11,11,TRUE,"spring_Communities"
"PBP (was PBB)","YGY",11,11,TRUE,"spring_Communities"
"STT","YGY",12,11,FALSE,"spring_Communities"
"SGB","YGY",12,11,FALSE,"spring_Communities"
"RGT","YGY",12,11,FALSE,"spring_Communities"
"GDN (was GDY)","YGY",13,11,FALSE,"spring_Communities"
"RTT","YGY",13,11,FALSE,"spring_Communities"
"WYD","YGY",13,11,FALSE,"spring_Communities"
"CRY","YGY",13,11,FALSE,"spring_Communities"
"CGN","GSD",1,11,FALSE,"spring_Communities"
"GNG","GSD",3,11,FALSE,"spring_Communities"
"GBO (was GPT)","GSD",7,11,FALSE,"spring_Communities"
"GDO","GSD",11,11,TRUE,"spring_Communities"
"GDN (was GDY)","GSD",13,11,FALSE,"spring_Communities"
"CRY","GSD",13,11,FALSE,"spring_Communities"
"CGN","YBY",1,11,FALSE,"spring_Communities"
"SWT","YBY",2,11,FALSE,"spring_Communities"
"SDO","YBY",2,11,FALSE,"spring_Communities"
"GNG","YBY",3,11,FALSE,"spring_Communities"
"PDN","YBY",3,11,FALSE,"spring_Communities"
"SYO","YBY",3,11,FALSE,"spring_Communities"
"SWB","YBY",3,11,FALSE,"spring_Communities"
"RBP","YBY",3,11,FALSE,"spring_Communities"
"RNG","YBY",1,11,FALSE,"spring_Communities"
"SOG","YBY",1,11,FALSE,"spring_Communities"
"PLS","YBY",1,11,FALSE,"spring_Communities"
"WSY","YBY",4,11,FALSE,"spring_Communities"
"WPG","YBY",4,11,FALSE,"spring_Communities"
"YBN","YBY",4,11,FALSE,"spring_Communities"
"WOG","YBY",4,11,FALSE,"spring_Communities"
"GBO (was GPT)","YBY",7,11,FALSE,"spring_Communities"
"WNS","YBY",7,11,FALSE,"spring_Communities"
"PND","YBY",8,11,FALSE,"spring_Communities"
"PNG","YBY",8,11,FALSE,"spring_Communities"
"ROW","YBY",9,11,FALSE,"spring_Communities"
"ROO","YBY",9,11,FALSE,"spring_Communities"
"RLB","YBY",10,11,FALSE,"spring_Communities"
"WDB","YBY",11,11,TRUE,"spring_Communities"
"GSD","YBY",11,11,TRUE,"spring_Communities"
"GDO","YBY",11,11,TRUE,"spring_Communities"
"YBT","YBY",11,11,TRUE,"spring_Communities"
"RPP","YBY",11,11,TRUE,"spring_Communities"
"PBP (was PBB)","YBY",11,11,TRUE,"spring_Communities"
"STT","YBY",12,11,FALSE,"spring_Communities"
"SGB","YBY",12,11,FALSE,"spring_Communities"
"RGT","YBY",12,11,FALSE,"spring_Communities"
"GDN (was GDY)","YBY",13,11,FALSE,"spring_Communities"
"RTT","YBY",13,11,FALSE,"spring_Communities"
"WYD","YBY",13,11,FALSE,"spring_Communities"
"CRY","YBY",13,11,FALSE,"spring_Communities"
"CGN","GDO",1,11,FALSE,"spring_Communities"
"GBO (was GPT)","GDO",7,11,FALSE,"spring_Communities"
"GDN (was GDY)","GDO",13,11,FALSE,"spring_Communities"
"CRY","GDO",13,11,FALSE,"spring_Communities"
"CGN","YBT",1,11,FALSE,"spring_Communities"
"SWT","YBT",2,11,FALSE,"spring_Communities"
"SDO","YBT",2,11,FALSE,"spring_Communities"
"GNG","YBT",3,11,FALSE,"spring_Communities"
"PDN","YBT",3,11,FALSE,"spring_Communities"
"SYO","YBT",3,11,FALSE,"spring_Communities"
"SWB","YBT",3,11,FALSE,"spring_Communities"
"RBP","YBT",3,11,FALSE,"spring_Communities"
"RNG","YBT",1,11,FALSE,"spring_Communities"
"SOG","YBT",1,11,FALSE,"spring_Communities"
"PLS","YBT",1,11,FALSE,"spring_Communities"
"WSY","YBT",4,11,FALSE,"spring_Communities"
"WPG","YBT",4,11,FALSE,"spring_Communities"
"YBN","YBT",4,11,FALSE,"spring_Communities"
"WOG","YBT",4,11,FALSE,"spring_Communities"
"GBO (was GPT)","YBT",7,11,FALSE,"spring_Communities"
"WNS","YBT",7,11,FALSE,"spring_Communities"
"PND","YBT",8,11,FALSE,"spring_Communities"
"PNG","YBT",8,11,FALSE,"spring_Communities"
"ROW","YBT",9,11,FALSE,"spring_Communities"
"ROO","YBT",9,11,FALSE,"spring_Communities"
"RLB","YBT",10,11,FALSE,"spring_Communities"
"WDB","YBT",11,11,TRUE,"spring_Communities"
"GSD","YBT",11,11,TRUE,"spring_Communities"
"GDO","YBT",11,11,TRUE,"spring_Communities"
"RPP","YBT",11,11,TRUE,"spring_Communities"
"PBP (was PBB)","YBT",11,11,TRUE,"spring_Communities"
"STT","YBT",12,11,FALSE,"spring_Communities"
"SGB","YBT",12,11,FALSE,"spring_Communities"
"RGT","YBT",12,11,FALSE,"spring_Communities"
"GDN (was GDY)","YBT",13,11,FALSE,"spring_Communities"
"RTT","YBT",13,11,FALSE,"spring_Communities"
"WYD","YBT",13,11,FALSE,"spring_Communities"
"CRY","YBT",13,11,FALSE,"spring_Communities"
"CGN","RPP",1,11,FALSE,"spring_Communities"
"GNG","RPP",3,11,FALSE,"spring_Communities"
"PDN","RPP",3,11,FALSE,"spring_Communities"
"RBP","RPP",3,11,FALSE,"spring_Communities"
"RNG","RPP",1,11,FALSE,"spring_Communities"
"PLS","RPP",1,11,FALSE,"spring_Communities"
"GBO (was GPT)","RPP",7,11,FALSE,"spring_Communities"
"PND","RPP",8,11,FALSE,"spring_Communities"
"PNG","RPP",8,11,FALSE,"spring_Communities"
"ROW","RPP",9,11,FALSE,"spring_Communities"
"ROO","RPP",9,11,FALSE,"spring_Communities"
"RLB","RPP",10,11,FALSE,"spring_Communities"
"GSD","RPP",11,11,TRUE,"spring_Communities"
"GDO","RPP",11,11,TRUE,"spring_Communities"
"PBP (was PBB)","RPP",11,11,TRUE,"spring_Communities"
"RGT","RPP",12,11,FALSE,"spring_Communities"
"GDN (was GDY)","RPP",13,11,FALSE,"spring_Communities"
"CRY","RPP",13,11,FALSE,"spring_Communities"
"CGN","PBP (was PBB)",1,11,FALSE,"spring_Communities"
"GNG","PBP (was PBB)",3,11,FALSE,"spring_Communities"
"GBO (was GPT)","PBP (was PBB)",7,11,FALSE,"spring_Communities"
"GSD","PBP (was PBB)",11,11,TRUE,"spring_Communities"
"GDO","PBP (was PBB)",11,11,TRUE,"spring_Communities"
"GDN (was GDY)","PBP (was PBB)",13,11,FALSE,"spring_Communities"
"CRY","PBP (was PBB)",13,11,FALSE,"spring_Communities"
"CGN","STT",1,12,FALSE,"spring_Communities"
"SDO","STT",2,12,FALSE,"spring_Communities"
"GNG","STT",3,12,FALSE,"spring_Communities"
"PDN","STT",3,12,FALSE,"spring_Communities"
"RBP","STT",3,12,FALSE,"spring_Communities"
"RNG","STT",1,12,FALSE,"spring_Communities"
"SOG","STT",1,12,FALSE,"spring_Communities"
"PLS","STT",1,12,FALSE,"spring_Communities"
"GBO (was GPT)","STT",7,12,FALSE,"spring_Communities"
"PND","STT",8,12,FALSE,"spring_Communities"
"PNG","STT",8,12,FALSE,"spring_Communities"
"ROW","STT",9,12,FALSE,"spring_Communities"
"ROO","STT",9,12,FALSE,"spring_Communities"
"RLB","STT",10,12,FALSE,"spring_Communities"
"GSD","STT",11,12,FALSE,"spring_Communities"
"GDO","STT",11,12,FALSE,"spring_Communities"
"RPP","STT",11,12,FALSE,"spring_Communities"
"PBP (was PBB)","STT",11,12,FALSE,"spring_Communities"
"SGB","STT",12,12,TRUE,"spring_Communities"
"RGT","STT",12,12,TRUE,"spring_Communities"
"GDN (was GDY)","STT",13,12,FALSE,"spring_Communities"
"RTT","STT",13,12,FALSE,"spring_Communities"
"CRY","STT",13,12,FALSE,"spring_Communities"
"CGN","SGB",1,12,FALSE,"spring_Communities"
"SDO","SGB",2,12,FALSE,"spring_Communities"
"GNG","SGB",3,12,FALSE,"spring_Communities"
"PDN","SGB",3,12,FALSE,"spring_Communities"
"RBP","SGB",3,12,FALSE,"spring_Communities"
"RNG","SGB",1,12,FALSE,"spring_Communities"
"PLS","SGB",1,12,FALSE,"spring_Communities"
"GBO (was GPT)","SGB",7,12,FALSE,"spring_Communities"
"PND","SGB",8,12,FALSE,"spring_Communities"
"PNG","SGB",8,12,FALSE,"spring_Communities"
"ROW","SGB",9,12,FALSE,"spring_Communities"
"ROO","SGB",9,12,FALSE,"spring_Communities"
"RLB","SGB",10,12,FALSE,"spring_Communities"
"GSD","SGB",11,12,FALSE,"spring_Communities"
"GDO","SGB",11,12,FALSE,"spring_Communities"
"RPP","SGB",11,12,FALSE,"spring_Communities"
"PBP (was PBB)","SGB",11,12,FALSE,"spring_Communities"
"RGT","SGB",12,12,TRUE,"spring_Communities"
"GDN (was GDY)","SGB",13,12,FALSE,"spring_Communities"
"RTT","SGB",13,12,FALSE,"spring_Communities"
"CRY","SGB",13,12,FALSE,"spring_Communities"
"CGN","RGT",1,12,FALSE,"spring_Communities"
"GNG","RGT",3,12,FALSE,"spring_Communities"
"PDN","RGT",3,12,FALSE,"spring_Communities"
"RBP","RGT",3,12,FALSE,"spring_Communities"
"PLS","RGT",1,12,FALSE,"spring_Communities"
"GBO (was GPT)","RGT",7,12,FALSE,"spring_Communities"
"PND","RGT",8,12,FALSE,"spring_Communities"
"PNG","RGT",8,12,FALSE,"spring_Communities"
"GSD","RGT",11,12,FALSE,"spring_Communities"
"GDO","RGT",11,12,FALSE,"spring_Communities"
"PBP (was PBB)","RGT",11,12,FALSE,"spring_Communities"
"GDN (was GDY)","RGT",13,12,FALSE,"spring_Communities"
"CRY","RGT",13,12,FALSE,"spring_Communities"
"CGN","GDN (was GDY)",1,13,FALSE,"spring_Communities"
"GBO (was GPT)","GDN (was GDY)",7,13,FALSE,"spring_Communities"
"CRY","GDN (was GDY)",13,13,TRUE,"spring_Communities"
"CGN","YYN (was YNO)",1,13,FALSE,"spring_Communities"
"SWT","YYN (was YNO)",2,13,FALSE,"spring_Communities"
"SDO","YYN (was YNO)",2,13,FALSE,"spring_Communities"
"GNG","YYN (was YNO)",3,13,FALSE,"spring_Communities"
"PDN","YYN (was YNO)",3,13,FALSE,"spring_Communities"
"SYO","YYN (was YNO)",3,13,FALSE,"spring_Communities"
"SWB","YYN (was YNO)",3,13,FALSE,"spring_Communities"
"RBP","YYN (was YNO)",3,13,FALSE,"spring_Communities"
"YPN","YYN (was YNO)",3,13,FALSE,"spring_Communities"
"RNG","YYN (was YNO)",1,13,FALSE,"spring_Communities"
"SOG","YYN (was YNO)",1,13,FALSE,"spring_Communities"
"PLS","YYN (was YNO)",1,13,FALSE,"spring_Communities"
"YPS","YYN (was YNO)",1,13,FALSE,"spring_Communities"
"WSY","YYN (was YNO)",4,13,FALSE,"spring_Communities"
"WPG","YYN (was YNO)",4,13,FALSE,"spring_Communities"
"YBN","YYN (was YNO)",4,13,FALSE,"spring_Communities"
"WOG","YYN (was YNO)",4,13,FALSE,"spring_Communities"
"YWS","YYN (was YNO)",5,13,FALSE,"spring_Communities"
"YDT","YYN (was YNO)",6,13,FALSE,"spring_Communities"
"YGD","YYN (was YNO)",7,13,FALSE,"spring_Communities"
"GBO (was GPT)","YYN (was YNO)",7,13,FALSE,"spring_Communities"
"YDW","YYN (was YNO)",7,13,FALSE,"spring_Communities"
"WNS","YYN (was YNO)",7,13,FALSE,"spring_Communities"
"YGP","YYN (was YNO)",8,13,FALSE,"spring_Communities"
"YSR","YYN (was YNO)",8,13,FALSE,"spring_Communities"
"PND","YYN (was YNO)",8,13,FALSE,"spring_Communities"
"PNG","YYN (was YNO)",8,13,FALSE,"spring_Communities"
"ROW","YYN (was YNO)",9,13,FALSE,"spring_Communities"
"ROO","YYN (was YNO)",9,13,FALSE,"spring_Communities"
"YOD","YYN (was YNO)",9,13,FALSE,"spring_Communities"
"YND","YYN (was YNO)",9,13,FALSE,"spring_Communities"
"RLB","YYN (was YNO)",10,13,FALSE,"spring_Communities"
"WDB","YYN (was YNO)",11,13,FALSE,"spring_Communities"
"YGY","YYN (was YNO)",11,13,FALSE,"spring_Communities"
"GSD","YYN (was YNO)",11,13,FALSE,"spring_Communities"
"YBY","YYN (was YNO)",11,13,FALSE,"spring_Communities"
"GDO","YYN (was YNO)",11,13,FALSE,"spring_Communities"
"YBT","YYN (was YNO)",11,13,FALSE,"spring_Communities"
"RPP","YYN (was YNO)",11,13,FALSE,"spring_Communities"
"PBP (was PBB)","YYN (was YNO)",11,13,FALSE,"spring_Communities"
"STT","YYN (was YNO)",12,13,FALSE,"spring_Communities"
"SGB","YYN (was YNO)",12,13,FALSE,"spring_Communities"
"RGT","YYN (was YNO)",12,13,FALSE,"spring_Communities"
"GDN (was GDY)","YYN (was YNO)",13,13,TRUE,"spring_Communities"
"RTT","YYN (was YNO)",13,13,TRUE,"spring_Communities"
"WYD","YYN (was YNO)",13,13,TRUE,"spring_Communities"
"YSG","YYN (was YNO)",13,13,TRUE,"spring_Communities"
"CRY","YYN (was YNO)",13,13,TRUE,"spring_Communities"
"CGN","RTT",1,13,FALSE,"spring_Communities"
"GNG","RTT",3,13,FALSE,"spring_Communities"
"PDN","RTT",3,13,FALSE,"spring_Communities"
"RBP","RTT",3,13,FALSE,"spring_Communities"
"RNG","RTT",1,13,FALSE,"spring_Communities"
"PLS","RTT",1,13,FALSE,"spring_Communities"
"GBO (was GPT)","RTT",7,13,FALSE,"spring_Communities"
"PND","RTT",8,13,FALSE,"spring_Communities"
"PNG","RTT",8,13,FALSE,"spring_Communities"
"ROW","RTT",9,13,FALSE,"spring_Communities"
"ROO","RTT",9,13,FALSE,"spring_Communities"
"RLB","RTT",10,13,FALSE,"spring_Communities"
"GSD","RTT",11,13,FALSE,"spring_Communities"
"GDO","RTT",11,13,FALSE,"spring_Communities"
"RPP","RTT",11,13,FALSE,"spring_Communities"
"PBP (was PBB)","RTT",11,13,FALSE,"spring_Communities"
"RGT","RTT",12,13,FALSE,"spring_Communities"
"GDN (was GDY)","RTT",13,13,TRUE,"spring_Communities"
"CRY","RTT",13,13,TRUE,"spring_Communities"
"CGN","WYD",1,13,FALSE,"spring_Communities"
"SWT","WYD",2,13,FALSE,"spring_Communities"
"SDO","WYD",2,13,FALSE,"spring_Communities"
"GNG","WYD",3,13,FALSE,"spring_Communities"
"PDN","WYD",3,13,FALSE,"spring_Communities"
"SYO","WYD",3,13,FALSE,"spring_Communities"
"SWB","WYD",3,13,FALSE,"spring_Communities"
"RBP","WYD",3,13,FALSE,"spring_Communities"
"RNG","WYD",1,13,FALSE,"spring_Communities"
"SOG","WYD",1,13,FALSE,"spring_Communities"
"PLS","WYD",1,13,FALSE,"spring_Communities"
"WSY","WYD",4,13,FALSE,"spring_Communities"
"WPG","WYD",4,13,FALSE,"spring_Communities"
"WOG","WYD",4,13,FALSE,"spring_Communities"
"GBO (was GPT)","WYD",7,13,FALSE,"spring_Communities"
"WNS","WYD",7,13,FALSE,"spring_Communities"
"PND","WYD",8,13,FALSE,"spring_Communities"
"PNG","WYD",8,13,FALSE,"spring_Communities"
"ROW","WYD",9,13,FALSE,"spring_Communities"
"ROO","WYD",9,13,FALSE,"spring_Communities"
"RLB","WYD",10,13,FALSE,"spring_Communities"
"WDB","WYD",11,13,FALSE,"spring_Communities"
"GSD","WYD",11,13,FALSE,"spring_Communities"
"GDO","WYD",11,13,FALSE,"spring_Communities"
"RPP","WYD",11,13,FALSE,"spring_Communities"
"PBP (was PBB)","WYD",11,13,FALSE,"spring_Communities"
"STT","WYD",12,13,FALSE,"spring_Communities"
"SGB","WYD",12,13,FALSE,"spring_Communities"
"RGT","WYD",12,13,FALSE,"spring_Communities"
"GDN (was GDY)","WYD",13,13,TRUE,"spring_Communities"
"RTT","WYD",13,13,TRUE,"spring_Communities"
"CRY","WYD",13,13,TRUE,"spring_Communities"
"CGN","YSG",1,13,FALSE,"spring_Communities"
"SWT","YSG",2,13,FALSE,"spring_Communities"
"SDO","YSG",2,13,FALSE,"spring_Communities"
"GNG","YSG",3,13,FALSE,"spring_Communities"
"PDN","YSG",3,13,FALSE,"spring_Communities"
"SYO","YSG",3,13,FALSE,"spring_Communities"
"SWB","YSG",3,13,FALSE,"spring_Communities"
"RBP","YSG",3,13,FALSE,"spring_Communities"
"YPN","YSG",3,13,FALSE,"spring_Communities"
"RNG","YSG",1,13,FALSE,"spring_Communities"
"SOG","YSG",1,13,FALSE,"spring_Communities"
"PLS","YSG",1,13,FALSE,"spring_Communities"
"YPS","YSG",1,13,FALSE,"spring_Communities"
"WSY","YSG",4,13,FALSE,"spring_Communities"
"WPG","YSG",4,13,FALSE,"spring_Communities"
"YBN","YSG",4,13,FALSE,"spring_Communities"
"WOG","YSG",4,13,FALSE,"spring_Communities"
"YDT","YSG",6,13,FALSE,"spring_Communities"
"YGD","YSG",7,13,FALSE,"spring_Communities"
"GBO (was GPT)","YSG",7,13,FALSE,"spring_Communities"
"YDW","YSG",7,13,FALSE,"spring_Communities"
"WNS","YSG",7,13,FALSE,"spring_Communities"
"YGP","YSG",8,13,FALSE,"spring_Communities"
"PND","YSG",8,13,FALSE,"spring_Communities"
"PNG","YSG",8,13,FALSE,"spring_Communities"
"ROW","YSG",9,13,FALSE,"spring_Communities"
"ROO","YSG",9,13,FALSE,"spring_Communities"
"YOD","YSG",9,13,FALSE,"spring_Communities"
"YND","YSG",9,13,FALSE,"spring_Communities"
"RLB","YSG",10,13,FALSE,"spring_Communities"
"WDB","YSG",11,13,FALSE,"spring_Communities"
"YGY","YSG",11,13,FALSE,"spring_Communities"
"GSD","YSG",11,13,FALSE,"spring_Communities"
"YBY","YSG",11,13,FALSE,"spring_Communities"
"GDO","YSG",11,13,FALSE,"spring_Communities"
"YBT","YSG",11,13,FALSE,"spring_Communities"
"RPP","YSG",11,13,FALSE,"spring_Communities"
"PBP (was PBB)","YSG",11,13,FALSE,"spring_Communities"
"STT","YSG",12,13,FALSE,"spring_Communities"
"SGB","YSG",12,13,FALSE,"spring_Communities"
"RGT","YSG",12,13,FALSE,"spring_Communities"
"GDN (was GDY)","YSG",13,13,TRUE,"spring_Communities"
"RTT","YSG",13,13,TRUE,"spring_Communities"
"WYD","YSG",13,13,TRUE,"spring_Communities"
"CRY","YSG",13,13,TRUE,"spring_Communities"
"CGN","CRY",1,13,FALSE,"spring_Communities"
